"1",1,566965.169555217,4168547.37475205
"2",1,566092.187335787,4170525.11882193
"3",1,565095.311811003,4172446.5018866
"4",1,563978.10694465,4174306.76252111
"5",1,562744.984858272,4176101.64660566
"6",1,561401.129688752,4177827.45248414
"7",1,559952.406996559,4179481.06309376
"8",1,558405.26205628,4181059.96462591
"9",1,556766.610653141,4182562.2518529
"10",1,555043.726089571,4183986.62078533
"11",1,553244.125985514,4185332.34977857
"12",1,551375.462161595,4186599.27056183
"13",1,549445.416462541,4187787.73090784
"14",1,547461.604852961,4188898.55079276
"15",1,545431.491543257,4189932.97392145
"16",1,543362.314321786,4190892.61642649
"17",1,541261.021715809,4191779.41440855
"18",1,539134.222105706,4192595.57179045
"19",1,536988.144492848,4193343.50972928
"20",1,534828.610281334,4194025.81858684
"21",1,532661.015179922,4194645.21321621
"22",1,530490.320159197,4195204.49209277
"23",1,528321.050302334,4195706.50061049
"24",1,526157.300354826,4196154.09868467
"25",1,524002.745797337,4196550.13265304
"26",1,521860.658324047,4196897.41134817
"27",1,519733.924695111,4197198.68612451
"28",1,517625.068035945,4197456.63455982
"29",1,515536.270769437,4197673.84751032
"30",1,513469.398482917,4197852.8191776
"31",1,511426.02414471,4197995.93983937
"32",1,509407.452191408,4198105.49090236
"33",1,507414.742104412,4198183.64195074
"34",1,505448.731181175,4198232.44948436
"35",1,503510.056282566,4198253.85706634
"36",1,501599.174402785,4198249.6966265
"37",1,499716.381962846,4198221.69069476
"38",1,497861.832773589,4198171.45536619
"39",1,496035.554650428,4198100.50382504
"40",1,494237.464690598,4198010.25028012
"41",1,492467.383245606,4197902.01418557
"42",1,490725.046637883,4197777.02464197
"43",1,489010.118682206,4197636.42489038
"44",1,487322.20108015,4197481.27682795
"45",1,485660.842760416,4197312.56548756
"46",1,484025.54823992,4197131.20343597
"47",1,482415.785080688,4196938.03505504
"48",1,480830.990516234,4196733.84067938
"49",1,479270.577318704,4196519.34057093
"50",1,477733.938974819,4196295.198717
"51",1,476220.454234972,4196062.02644335
"52",1,474729.491095784,4195820.38583786
"53",1,473260.41027222,4195570.79298352
"54",1,471812.568211198,4195313.72100209
"55",1,470385.319694397,4195049.60291198
"56",1,468978.020074011,4194778.83430493
"57",1,467590.02718128,4194501.77584782
"58",1,466220.702944039,4194218.75561626
"59",1,464869.414746057,4193930.07126732
"60",1,463535.536557789,4193635.99205922
"61",1,462218.449865206,4193336.76072572
"62",1,460917.544420656,4193032.5952131
"63",1,459632.218837235,4192723.69028742
"64",1,458361.881045876,4192410.21901982
"65",1,457105.948632307,4192092.33415698
"66",1,455863.84906918,4191770.16938398
"67",1,454635.019856959,4191443.84048614
"68",1,453418.908585676,4191113.44641637
"69",1,452214.972928258,4190779.07027409
"70",1,451022.680574943,4190440.78020123
"71",1,449841.50911719,4190098.63020094
"72",1,448670.945888495,4189752.66088375
"73",1,447510.487768694,4189402.90014601
"74",1,446359.640957509,4189049.36378488
"75",1,445217.920722444,4188692.05605386
"76",1,444084.851125499,4188330.97016266
"77",1,442959.964732652,4187966.0887247
"78",1,441842.802309556,4187597.38415552
"79",1,440732.912506518,4187224.81902494
"80",1,439629.851535409,4186848.34636556
"81",1,438533.182840879,4186467.90994009
"82",1,437442.476767954,4186083.44446972
"83",1,436357.310227833,4185694.87582534
"84",1,435277.266363537,4185302.12118368
"85",1,434201.934216856,4184905.08914977
"86",1,433130.908397899,4184503.67984717
"87",1,432063.788758443,4184097.78497745
"88",1,431000.180070176,4183687.28784977
"89",1,429939.691708852,4183272.06338179
"90",1,428881.937345327,4182851.97807261
"91",1,427826.534644419,4182426.8899486
"92",1,426773.104972514,4181996.64848261
"93",1,425721.273114855,4181561.09448719
"94",1,424670.667003464,4181120.05998222
"95",1,423620.917456699,4180673.36803712
"96",1,422571.65793151,4180220.83258816
"97",1,421522.524289533,4179762.25823071
"98",1,420473.154578251,4179297.4399868
"99",1,419423.188828594,4178826.16304778
"100",1,418372.268870459,4178348.20249228
"101",1,417320.038167813,4177863.32297911
"102",1,416266.141675229,4177371.27841536
"103",1,415210.225717889,4176871.81159913
"104",1,414151.93789736,4176364.65383714
"105",1,413090.927025687,4175849.5245368
"106",1,412026.843090669,4175326.13077264
"107",1,410959.337255496,4174794.16682711
"108",1,409888.061896312,4174253.31370551
"109",1,408812.670681684,4173703.23862515
"110",1,407732.818698389,4173143.59447881
"111",1,406648.162628484,4172574.01927264
"112",1,405558.360983132,4171994.13553893
"113",1,404463.074399324,4171403.54972433
"114",1,403361.966006281,4170801.85155408
"115",1,402254.701869096,4170188.61337357
"116",1,401140.951517984,4169563.38946842
"117",1,400020.388572426,4168925.7153649
"118",1,398892.691470461,4168275.10711295
"119",1,397757.544314484,4167611.06055461
"120",1,396614.637846055,4166933.05058118
"121",1,395463.670563517,4166240.53038344
"122",1,394304.349997596,4165532.93069992
"123",1,393136.394161632,4164809.6590693
"124",1,391959.533194692,4164070.09909414
"125",1,390773.511217504,4163313.60972468
"126",1,389578.088422979,4162539.52457264
"127",1,388373.043424945,4161747.15126715
"128",1,387158.175890732,4160935.77086655
"129",1,385933.309485276,4160104.63734247
"130",1,384698.295156478,4159252.97715482
"131",1,383453.014793655,4158379.98893961
"132",1,382197.385292931,4157484.84333465
"133",1,380931.363065355,4156566.68297176
"134",1,379654.94902524,4155624.62266849
"135",1,378368.194097682,4154657.74985668
"136",1,377071.205285222,4153665.12529037
"137",1,375764.152334074,4152645.78408085
"138",1,374447.275040027,4151598.73711277
"139",1,373120.891232849,4150522.97290142
"140",1,371785.405475466,4149417.4599582
"141",1,370441.318510064,4148281.14973814
"142",1,369089.23747721,4147112.98025075
"143",1,367729.886925644,4145911.88042256
"144",1,366364.120619122,4144676.77530687
"145",1,364992.934132002,4143406.59224248
"146",1,363617.478206624,4142100.26806916
"147",1,362239.0728223,4140756.75751121
"148",1,360859.221897218,4139375.04284322
"149",1,359479.628510242,4137954.14495102
"150",1,358102.210488775,4136493.13589695
"151",1,356729.116161166,4134991.15308949
"152",1,355362.740017221,4133447.41514279
"153",1,354005.737958323,4131861.23948979
"154",1,352661.041749744,4130232.06178275
"155",1,351331.872212943,4128559.45707501
"156",1,350021.750616517,4126843.1627269
"157",1,348734.50764347,4125083.10291578
"158",1,347474.28923291,4123279.41455404
"159",1,346245.55852078,4121432.47432959
"160",1,345053.093042454,4119542.9264814
"161",1,343901.976316915,4117611.71080934
"162",1,342797.582915916,4115640.09029586
"163",1,341745.556140863,4113629.67759106
"164",1,340751.777494494,4111582.45948854
"165",1,339822.327252896,4109500.81840493
"166",1,338963.435623757,4107387.5497804
"167",1,338181.424224647,4105245.87425205
"168",1,337482.637932452,4103079.44342845
"169",1,336873.367538788,4100892.3381238
"170",1,336359.764087099,4098689.05800478
"171",1,335947.746248788,4096474.50177108
"172",1,335642.902594459,4094253.93723483
"173",1,335450.391101192,4092032.96098536
"174",1,335374.838671738,4089817.44771411
"175",1,335420.243787132,4087613.48971616
"176",1,335589.885631996,4085427.32755604
"177",1,335886.243087747,4083265.2733576
"178",1,336310.926858577,4081133.62861739
"179",1,336864.627667029,4079038.59881234
"180",1,337547.082935476,4076986.20734409
"181",1,338357.063679528,4074982.21150577
"182",1,339292.382518923,4073032.02315562
"183",1,340349.922814228,4071140.63662899
"184",1,341525.688025925,4069312.56612415
"185",1,342814.869530696,4067551.79437679
"186",1,344211.930378494,4065861.73392419
"187",1,345710.701882835,4064245.20169161
"188",1,347304.489540171,4062704.40704987
"189",1,348986.184588294,4061240.95293686
"190",1,350748.37753614,4059855.84914011
"191",1,352583.470208923,4058549.53643114
"192",1,354483.783220858,4057321.91994171
"193",1,356441.656271808,4056172.40998412
"194",1,358449.539219534,4055099.96844081
"195",1,360500.072462047,4054103.15887102
"196",1,362586.155736181,4053180.19858834
"197",1,364701.00496718,4052329.01113382
"198",1,366838.197266905,4051547.27778333
"199",1,368991.704561191,4050832.48696603
"200",1,371155.916623737,4050181.98071575
"201",1,373325.654505762,4049592.99751469
"202",1,375496.175483416,4049062.71110795
"203",1,377663.170708319,4048588.26506163
"204",1,379822.756752136,4048166.80300172
"205",1,381971.462196136,4047795.49460522
"206",1,384106.210343068,4047471.55751881
"207",1,386224.299032332,4047192.27545651
"208",1,388323.37842974,4046955.01277962
"209",1,390401.427547832,4046757.2258922
"210",1,392456.730137804,4046596.47179897
"211",1,394487.850484055,4046470.41417146
"212",1,396493.609530282,4046376.82725778
"213",1,398473.061673783,4046313.59795254
"214",1,400425.472483134,4046278.72632057
"215",1,402350.297524014,4046270.32484141
"216",1,404247.162418147,4046286.61661444
"217",1,406115.844210764,4046325.93273647
"218",1,407956.254081449,4046386.70903726
"219",1,409768.421401,4046467.48233271
"220",1,411552.479111811,4046566.88633249
"221",1,413308.650390264,4046683.64731703
"222",1,415037.236535832,4046816.5796801
"223",1,416738.606022021,4046964.581416
"224",1,418413.184638264,4047126.62961553
"225",1,420061.446648629,4047301.77602204
"226",1,421683.906892147,4047489.14268794
"227",1,423281.113750256,4047687.91776238
"228",1,424853.642908766,4047897.35143313
"229",1,426402.091844598,4048116.75203891
"230",1,427927.074971056,4048345.48236305
"231",1,429429.219379286,4048582.95611475
"232",1,430909.161117686,4048828.63460083
"233",1,432367.541955268,4049082.02358764
"234",1,433805.006579166,4049342.67035089
"235",1,435222.200180572,4049610.16090901
"236",1,436619.766387339,4049884.11743472
"237",1,437998.345505256,4050164.19583826
"238",1,439358.573033494,4050450.08351512
"239",1,440701.078423073,4050741.49725086
"240",1,442026.484050228,4051038.181275
"241",1,443335.404379402,4051339.90545638
"242",1,444628.445293163,4051646.46363193
"243",1,445906.203568745,4051957.67206136
"244",1,447169.266483049,4052273.36800018
"245",1,448418.211529898,4052593.4083839
"246",1,449653.606235132,4052917.66861651
"247",1,450876.008056708,4053246.04145664
"248",1,452085.964358425,4053578.43599518
"249",1,453284.012447157,4053914.77671851
"250",1,454470.67966469,4054255.00265176
"251",1,455646.483526221,4054599.06657705
"252",1,456811.931898573,4054946.93432166
"253",1,457967.523211944,4055298.58411191
"254",1,459113.746699788,4055654.00598835
"255",1,460251.082662028,4056013.20127851
"256",1,461380.002747423,4056376.18212362
"257",1,462500.970251382,4056742.97105604
"258",1,463614.440425985,4057113.60062433
"259",1,464720.860799349,4057488.11306323
"260",1,465820.671501843,4057866.56000598
"261",1,466914.305596927,4058249.00223684
"262",1,468002.189414667,4058635.50948144
"263",1,469084.742886208,4059026.16023333
"264",1,470162.379877646,4059421.04161491
"265",1,471235.508521936,4059820.24927119
"266",1,472304.531547586,4060223.88729517
"267",1,473369.846602989,4060632.06818336
"268",1,474431.846575352,4061044.91282069
"269",1,475490.919903216,4061462.55049369
"270",1,476547.450881627,4061885.11893119
"271",1,477601.819959017,4062312.76437184
"272",1,478654.404024873,4062745.64165797
"273",1,479705.576687257,4063183.91435524
"274",1,480755.708539192,4063627.7548977
"275",1,481805.167412893,4064077.34475812
"276",1,482854.318620739,4064532.87464315
"277",1,483903.525181811,4064994.54471349
"278",1,484953.148032684,4065462.56482873
"279",1,486003.54622107,4065937.15481707
"280",1,487055.077080718,4066418.54476985
"281",1,488108.09638584,4066906.97536105
"282",1,489162.958483113,4067402.69819185
"283",1,490220.016399092,4067905.97616045
"284",1,491279.621920611,4068417.0838572
"285",1,492342.125645476,4068936.30798533
"286",1,493407.877000429,4069463.94780733
"287",1,494477.224223019,4070000.31561708
"288",1,495550.51430361,4070545.73723782
"289",1,496628.092883337,4071100.55254582
"290",1,497710.304103328,4071665.11601978
"291",1,498797.49039998,4072239.79731553
"292",1,499889.992240494,4072824.9818656
"293",1,500988.147792206,4073421.07150313
"294",1,502092.292518558,4074028.48510913
"295",1,503202.758693755,4074647.65928181
"296",1,504319.874827285,4075279.04902665
"297",1,505443.964988552,4075923.12846493
"298",1,506575.34802082,4076580.39155842
"299",1,507714.336632549,4077251.35284706
"300",1,508861.236352992,4077936.54819584
"301",1,510016.344337569,4078636.53554622
"302",1,511179.948007133,4079351.89566668
"303",1,512352.323503686,4080083.23289561
"304",1,513533.73394345,4080831.17586869
"305",1,514724.427446483,4081596.37822151
"306",1,515924.634920123,4082379.51925626
"307",1,517134.567571662,4083181.30455981
"308",1,518354.414123586,4084002.46655787
"309",1,519584.337702696,4084843.76498806
"310",1,520824.472372305,4085705.9872714
"311",1,522074.919274677,4086589.94875884
"312",1,523335.742348857,4087496.49282628
"313",1,524606.963587228,4088426.49078685
"314",1,525888.557792526,4089380.84158583
"315",1,527180.44679579,4090360.47123803
"316",1,528482.49309497,4091366.33196264
"317",1,529794.492873823,4092399.40096479
"318",1,531116.168361484,4093460.67880679
"319",1,532447.159494992,4094551.18730554
"320",1,533787.014850342,4095671.96688572
"321",1,535135.181812668,4096824.07331126
"322",1,536490.995963362,4098008.57371007
"323",1,537853.669671718,4099226.54180033
"324",1,539222.279891622,4100479.05221928
"325",1,540595.755180354,4101767.17384993
"326",1,541972.861977485,4103091.96203565
"327",1,543352.190207593,4104454.44956979
"328",1,544732.138301885,4105855.63634631
"329",1,546110.897771325,4107296.47755984
"330",1,547486.437508047,4108777.87035001
"331",1,548856.488043129,4110300.63879636
"332",1,550218.52604731,4111865.51718832
"333",1,551569.759426794,4113473.13152037
"334",1,552907.113438303,4115123.9791972
"335",1,554227.218324733,4116818.40697911
"336",1,555526.399053198,4118556.5872546
"337",1,556800.667818015,4120338.49279652
"338",1,558045.720048351,4122163.87024107
"339",1,559256.934728696,4124032.21262454
"340",1,560429.37989369,4125942.73142054
"341",1,561557.824189642,4127894.32863859
"342",1,562636.755394707,4129885.56966934
"343",1,563660.406749026,4131914.65768752
"344",1,564622.791855812,4133979.41054436
"345",1,565517.748765818,4136077.24118722
"346",1,566338.993644013,4138205.14272662
"347",1,567080.18413461,4140359.67931625
"348",1,567734.992189371,4142536.98401024
"349",1,568297.1857102,4144732.76470047
"350",1,568760.7178933,4146942.31910648
"351",1,569119.822668522,4149160.55958447
"352",1,569369.114131539,4151382.04823885
"353",1,569503.687401744,4153601.04246334
"354",1,569519.217943583,4155811.55062137
"355",1,569412.056102631,4158007.39711577
"356",1,569179.313467173,4160182.29562202
"357",1,568818.937700865,4162329.92879925
"358",1,568329.772720864,4164444.03238329
"359",1,567711.601521785,4166518.48124064
"360",1,566965.169555217,4168547.37475205
